5.2851954710531936 6.4812158574175243 8.0202642902920616 0.6127555913185614
8.2683797723319188 7.4532303842280347 3.0927457502975555 0.4202493080836953
7.0686971648304695 7.2972808008056891 2.8904080324716941 0.5662465849918098
0.9875789666432691 0.2432325205236976 3.3228553117465740 0.3119850100841228
2.9828791161839656 0.2542191839350566 8.9904477065340132 0.3045906585476001
6.2672811059907829 7.4828333384197521 5.0660725730155338 0.3779886520000374
3.7376018555253760 6.2297433393353066 4.6653645435956905 0.3499170392703961
6.8007446516312147 4.7233497116000853 0.7654042176580096 0.4732703218555214
5.1524399548326061 2.0233771782586136 6.7400128177739802 0.3719805114008319
4.0812402722251049 2.3682363353373823 4.5655690176091799 0.3174663473246507
0.8496353038117619 2.2751548814355909 4.7730948820459602 0.3270574737680894
6.7229224524674214 0.7086397900326548 7.1932126834925381 0.3584184594829658
6.2022766808069099 7.6259651478621784 6.5684987945188755 0.3291391380385296
0.0299081392864772 1.2143314920499284 2.0914334543900877 0.5857462955331811
3.5261085848567157 9.1332743308816795 4.9296548356578267 0.5788127377254734
6.8181402020325335 4.0714743491927852 2.8022095400860620 0.3396264674295730
8.5287026581621745 8.9345988341929381 5.6700338755455180 0.4007906053841963
9.4836268196661280 1.9727164525284584 1.5994750816370129 0.5934349795491134
8.0013428144169438 7.1626941740165408 6.8694112979522082 0.3101693846175310
3.3249916074098937 0.1559495834223457 9.3719290749839779 0.4808923458054998
8.7664418469801930 5.1075777459028906 9.3829157383953365 0.3783343438416411
1.1127048554948575 2.6929532761619921 6.7543565172276985 0.3954215349289439
7.8725547044282358 4.6327097384563736 8.5970641193884099 0.3085063076642139
8.9095736564226193 5.0294503616443373 6.5126499221778014 0.3244010759695194
4.0388195440534682 3.8377025666066467 7.4398022400585955 0.3238231834233363
3.1397442548905912 2.7726065858943452 7.1758171330912202 0.4123859649123088
0.3509628589739677 8.9733573412274552 0.6363109225745414 0.3153699717463253
8.9117099520859391 6.7320780053102203 7.9177220984527121 0.3611338212294127
8.2073427533799244 2.6038392284920802 0.2185125278481399 0.3093849829108059
9.5867793816949973 4.2066713461714524 4.6916104617450483 0.3116841407102514
2.5113681447798091 8.0239265114291811 2.2812585833307901 0.3200531414079436
7.5988036744285417 6.5260780663472397 7.6122318185979800 0.3240348426712122
8.1212805566576129 9.9194311349833679 4.9913022247993410 0.4203941403608284
6.5266884365367597 2.8373058259834587 9.5873897518845173 0.5362918752095127
7.5411236915189059 1.2839136936552018 7.8447828608050783 0.3973773657384821
4.4129764702291938 0.1461836603900266 6.2025818659016698 0.3912178769733048
9.8687704092532123 6.5828424939725947 2.1744438001647999 0.3923580325828941
8.3342997528000726 9.6050904873805969 6.8538468581194492 0.3105291324967890
0.9903256324961089 1.1642811365092929 2.9087191381572923 0.3378245230831451
0.2221747489852596 9.0514847254860076 7.1285134434034241 0.3168626496704504
5.0260933256019777 6.9277016510513620 1.5790276802880947 0.3189342197519750
3.9341410565507977 1.7975402081362346 2.4399548326059755 0.3518563792089814
7.0241401409955140 4.2344431897946109 0.5761894589068270 0.3479371441987444
3.5712759788811916 1.6708883938108463 2.9105502487258521 0.3987588414916363
6.9078646198919644 0.0732444227423933 8.6608478041932440 0.3658428973201128
3.0515457625049591 4.3009735404522846 9.5025482955412457 0.3434966074710586
4.6693319498275700 2.4744407483138522 7.7187414166692108 0.3134781816777251
6.9292275765251619 4.6589556566057313 1.4020203253273111 0.5704307088209275
6.8166142765587336 1.1734366893520920 0.7696768089846493 0.3304289276623226
2.4637592699972535 0.8474990081484421 4.6531571398052920 0.6113601891433853
4.0668965727713857 4.5252845851008638 1.2265388958403272 0.4835084953185190
2.9419843134861297 4.1404461806085386 2.0380260628070928 0.3035311134352255
0.2932828760643330 2.6679280983916747 3.4006775109103673 0.4105711796536202
2.2473830378124333 5.2693258461256756 4.2121646778771327 0.4470521343281415
2.7204199346903897 6.9374675740836818 4.2612994781334876 0.4604013170190002
0.6808679464094973 6.9643238624225585 2.0856349375896484 0.3975179635926159
3.3680227057710499 5.5311746574297320 6.4430677205725271 0.3265810314552397
2.0303964354380932 2.7436140018921473 0.4565569017609180 0.3766450819827598
1.7474898525955993 5.4216132084109017 2.5028229621265297 0.3034439498478993
1.8927579577013458 1.9516586809900205 2.8940702536088136 0.3385790261226591
8.8079470198675498 0.5218665120395520 0.4300057985168004 0.4196514073307500
7.2423474837488930 1.0473952452162236 7.8707235938596751 0.3340882372060230
2.1286660359508041 6.0988189336832788 0.4010132145146031 0.3202481327788481
7.2511978514969329 1.1459700308236946 6.1449018829920341 0.3337873561158525
2.3685415204321423 9.4360179448835719 2.7903073213904235 0.5373654094372448
5.3614917447431862 1.8045594653157140 9.3951231421857369 0.3113065675183025
0.9576708273567919 6.7497787408062990 7.4254585406048772 0.3719487874921938
2.6041444135868401 1.0638752403332621 0.1007110812707907 0.3233652705017069
9.0447706534012884 6.3524277474288162 4.0968047120578630 0.4228660695830437
2.1689504684591205 1.7361980040894802 2.6773888363292335 0.6008511628022635
7.6915799432355723 8.0657368694112979 4.3144016846217230 0.4097083525844109
5.2262947477645199 3.9445173497726369 5.8571123386333817 0.3160086022288369
9.3188268684957425 8.8866847743156221 4.3165379802850428 0.4371908403043788
7.9961546678060245 3.9118625446333199 6.3231299783318580 0.4394541665970205
0.4007080294198431 4.8985259559923096 9.3267616809595015 0.3801511843274497
0.0680562761314737 8.9996032593768120 3.5914181951353497 0.3528474746729350
5.4112369151890629 9.4387646107364116 9.0615558336130864 0.3551743249640460
3.9741203039643542 8.9977721488082523 6.1445966978972741 0.5885827333882095
2.0187994018372142 7.5093844416638689 4.4895779290139473 0.3310078163339943
6.0057374797814873 3.6631366924039432 8.8131351664784692 0.3644874263599980
7.5313577684865871 6.4439832758568070 5.8381908627582622 0.4390962724518495
8.2860805078279967 6.5089877010406818 1.4102603228858301 0.4206221379304169
6.5926084170049135 2.8199102755821404 1.8512527848139899 0.5498944889565681
2.0905178991058078 4.8426770836512345 8.6135441145054479 0.4576933392013678
0.1263466292306284 5.6233405560472427 0.2972502822962126 0.3209097552651526
2.4155400250251775 6.0573137607959229 1.0968352305673392 0.3695195130747200
5.5327005829035318 5.6624042481765189 9.7283852656636256 0.3851895876635336
3.8001647999511707 0.1675466170232246 7.9155858027893924 0.4185267364712698
8.1322672200689716 1.2320322275460067 2.4848170415356914 0.3792418401190334
7.3964659566026789 8.6025574510940892 0.1370281075472274 0.3266300598394744
3.8621173741874451 0.0280770287179174 8.9571825312051754 0.3051719956547009
9.2886135441145061 9.2406994842371901 5.7252723776970740 0.3325216026778705
3.2221442304757835 7.3113193151646474 3.0903042695394758 0.5192810641948918
0.0637836848048341 7.7022614215521710 5.6715598010193178 0.5554919097364799
6.4680928983428458 0.3198339793084506 9.1439558091982782 0.4542548991872065
5.6343272194586014 4.8863185522019101 1.3794366283150730 0.3314466563600601
0.0585955381939146 8.9367351298562578 9.6987823114719074 0.3441217982728850
9.3041779839472643 0.7611316263313700 3.2969145786919767 0.4307156462219560
4.3504135258033996 2.5998718222602006 4.9140903958250686 0.4926860593761010
5.0926236762596506 4.4026001770073551 0.7983642078920866 0.5253740401481158
2.5424970244453258 3.4696493423261208 3.0384228034302807 0.3085303304754648
2.3029267250587484 0.2826013977477340 3.3182775353251746 0.4137173473251575
0.8725241859187598 5.8403271584215837 2.1628467665639208 0.4139993249693129
1.3437299722281564 0.8096560563982056 2.7332377086703086 0.4536496716800337
0.0619525742362743 1.8060853907895138 3.2334360789819030 0.6252068550355937
0.7983642078920866 5.1167332987456895 6.9963682973723564 0.4097457161649357
8.0111087374492627 3.1739249855037084 4.3049409466841642 0.6134580898958129
5.7451094088564716 4.1004669331949826 5.0175481429486979 0.4549059426965155
3.7443159276100957 9.6282845545823541 6.0518204290902435 0.4671783549717612
7.3284096804712062 1.7111728263191626 2.7991576891384624 0.3307614916073428
2.6056703390606399 3.1437116611224707 8.5244300668355351 0.4016494980177973
3.5782952360606708 2.4909207434308906 0.8166753135776849 0.5314193543884467
2.7045503097628707 8.6519974364452032 9.1564683980834367 0.4798159198473211
1.4816736350596638 5.3624073000274661 2.6526688436536761 0.3953081565539632
2.6099429303872803 0.9524826807458724 2.0245979186376535 0.3860765199825602
0.3015228736228522 3.6692403942991425 4.8789941099276710 0.3174562479514466
0.2966399121066927 7.8792687765129550 8.3544419690542320 0.4740544417311455
6.1482589190343937 1.4633625293740655 8.1893368327890865 0.3363863678013818
3.3402508621478928 9.7134311960203874 8.2790612506485175 0.4003043098754926
7.7990050965910829 6.0460219122898042 9.7833185827204190 0.3518157478439976
0.3622547074800866 4.8472548600726340 3.8471633045442060 0.5233444639713232
3.7684255500961332 6.7552720725119784 6.9978942228461563 0.3276779708588015
3.7260048219244974 1.6992706076235238 3.2801293984801783 0.3545750667839720
0.6295968504898221 0.0051881466109195 2.1915341654713583 0.3373595777074608
3.4815515610217593 6.8779564806054871 6.4812158574175243 0.3503554087385790
2.5833918271431622 0.5761894589068270 8.8756981109042634 0.3717903301105599
2.5605029450361645 9.5944090090639982 1.7908261360515152 0.3266338324732824
2.2794274727622303 9.1531113620410771 9.0975676747947638 0.3162270510627537
3.2227546006653034 2.3282570879238258 3.9970091860713524 0.4464974914034736
2.8855250709555347 6.1134678182317579 2.0749534592730488 0.3351813026406821
4.7502059999389630 7.7413251136814480 3.5923337504196295 0.5071023731114623
1.4093447676015503 1.5683462019714958 4.0769676808984654 0.4116219456605439
2.3929563280129398 1.8408764915921507 7.2804956205938893 0.3541204479443078
3.2673116245002594 1.6501358073671681 9.5577867976928008 0.4192717601187953
7.5646229438154240 3.3942686239204081 9.7363200781273846 0.3892198246359491
8.1066316721091347 1.0525833918271432 3.5377056184575943 0.3081588154234415
9.2870876186407063 9.5934934537797183 6.6112247077852713 0.3980740288282316
6.8727683339945678 1.8185979796746725 5.2403332621234782 0.4016494980177973
6.8865016632587661 7.9674672688985870 8.7932981353190716 0.5208814894783270
0.1333658864101077 8.3806878872035888 2.9697561571092868 0.4315975870545636
3.9378032776879177 4.5481734672078620 7.9134495071260726 0.3460916151203305
7.6461073641163368 8.8479262672811068 0.2475051118503372 0.4378101296728462
3.4617145298623613 8.2842493972594369 3.1037324137089146 0.3625142073210476
9.1790520950956758 2.5482955412457651 3.1943723868526264 0.3251274282592650
4.3675038911099584 1.7035431989501633 9.0060121463667713 0.3289487579140168
6.5819269386883139 3.8148136844996490 9.1619617297891178 0.3239034028562071
9.1503646961882374 7.8295236060670792 5.0276192510757776 0.3048421224813731
7.1071504867702266 2.0258186590166933 6.6158024842066707 0.3099365931299458
2.8354747154148989 3.3423871578112125 5.8522293771172222 0.3390682663208939
7.9772331919309059 7.8942228461561932 6.2706381420331434 0.4076008850761151
3.1745353556932283 7.9967650379955444 3.1946775719473863 0.3237576084141928
2.2080141605883967 6.0054322946867273 3.4699545274208807 0.4390223708134739
2.0899075289162878 0.2826013977477340 8.8106936857203895 0.6721894767696659
5.6779686880092770 3.6082033753471481 1.8204290902432323 0.3066171638988331
8.3706167790765100 9.3414105655079798 8.7536240730002746 0.3543553043199089
5.4478591265602585 5.6517227698599202 8.0748924222540968 0.3525960921727659
1.6171758171330914 3.1278420361949522 8.8836329233680225 0.5716288898313217
9.3319498275704209 6.0768456068605614 8.2638019959105193 0.3726364418874500
7.4376659443952757 2.8272347178563799 1.6229743339335307 0.4401485886182696
6.7180394909512620 5.3526413769951473 5.0801110873744921 0.5156686873851302
3.8920255134739219 3.5166478469191564 3.9674062318796350 0.5049509183693864
0.6372264778588215 4.2674031800286869 6.5102084414197217 0.3337297766371945
9.1888180181279946 1.0797448652607806 6.7409283730582601 0.4686399954423374
1.0858485671559801 3.9677114169743950 5.7179479354228331 0.3694577378545810
0.6274605548265023 5.3724784081545458 5.1045258949552910 0.3691987322432188
9.5934934537797183 2.2455519272438735 2.1765800958281196 0.3699593086285228
4.7987304300057989 9.6340830713827934 0.3146458326975310 0.4010389278933502
5.0450148014770955 6.0802026429029210 4.0522476882229066 0.5913127504011104
9.0249336222418890 6.1540574358348348 2.7307962279122289 0.3499965796713800
0.7498397778252510 0.4239020966216011 1.8366039002655110 0.3173990424341334
4.0577410199285868 8.1844538712729271 6.0719626453444011 0.3760930768965273
2.7640614032410662 3.2453382976775416 3.2291634876552626 0.3265395688827455
8.0236213263344212 8.1054109317300931 2.9267250587481310 0.4851682452717715
9.4579912717062893 6.8135624256111331 9.2712179937131864 0.5194740087839660
1.6174810022278514 1.8369090853602710 1.5088351084933014 0.6286888930121386
2.3380230109561446 5.2415540025025180 1.7270424512466811 0.3501409311899083
4.5509201330607016 9.5056001464888453 3.6674092837305827 0.4317356843449922
8.1182287057100133 8.2723471785637983 1.7181920834986419 0.5931475180123309
3.2444227423932617 2.3563341166417433 4.1419721060823385 0.3711214570213560
2.0374156926175728 1.3190099795525987 9.6057008575701168 0.3820740404295099
9.7738578447828601 5.9190649128696560 1.0727256080813015 0.3539798325696170
2.4329355754264963 1.7554246650593586 6.1226233710745568 0.3066230231546653
2.0664082766197698 9.4192327646717739 7.7568895535142071 0.3753204135368164
6.5587328714865567 1.4520706808679464 4.7572252571184421 0.4221478564080463
5.3462324900051881 1.4447462385937071 5.6569109164708395 0.3973773657384821
7.6558732871486557 5.5677968688009285 5.3862117374187441 0.3158996038814104
4.8268074587237155 1.8601031525620288 8.6587115085299242 0.3305990015474304
3.2737205114902190 7.5865962706381413 9.1561632129886767 0.3815036304350979
9.6606341746269102 9.9682607501449620 8.5784478286080521 0.3322465097556723
4.8402356028931548 0.6091494491409040 4.6177556688131354 0.3556078853035637
8.1307412945951718 8.9260536515396591 1.9217505417035432 0.3867118946845885
8.4810937833796203 4.8908963286233096 5.1081881160924105 0.3675024712546198
4.0980254524369029 6.4082766197698904 7.8908658101138336 0.3527088691460242
7.0906704916531886 1.6293832209234902 7.3836481826227605 0.3205590101264197
4.6964934232612077 1.5222632526627400 7.6412244026001774 0.5260576012756707
3.6533707693716240 3.0066835535752432 1.5018158513138218 0.3472742004372548
9.2779320657979074 7.9705191198461867 4.7917111728263189 0.3064123716519874
5.8125553147984252 8.4749900814844210 1.9562364574114199 0.3898073008091094
9.6069215979491567 3.4653767509994808 7.1807000946073796 0.3066728449189234
1.6907254249702444 7.2978911709952090 0.0573747978148747 0.3626975650845565
1.3071077608569599 5.3941465498825032 9.8739585558641316 0.3052496513802608
6.9618823816644788 7.3393963438825649 7.5667592394787437 0.4179790160891902
6.5569017609179969 2.7317117831965088 9.4232001709036535 0.3154355714714852
3.1684316537980282 0.1013214514603107 1.5775017548142949 0.3317191065353184
8.0321665089877019 4.2051454206976526 9.3737601855525376 0.5869608260368030
7.2954496902371293 2.0145268105105747 0.6509598071230200 0.3215272723861769
4.1050447096163820 2.7079073458052312 7.0216986602374343 0.3565402956411755
2.5873592333750417 1.9763786736655780 2.1958067567979982 0.3550057031522046
5.2867213965269935 5.9636219367046115 1.4224677266762291 0.6726638143523598
0.6210516678365429 5.1405377361369675 1.1035493026520584 0.3455039640794946
1.9235816522721030 3.4403515732291634 2.6487014374217965 0.3305158984734543
4.6247749259926145 2.9554124576555680 9.6295052949613940 0.3860986139921234
3.1431012909329508 9.5150608844264042 2.2968230231635487 0.4858127116904125
4.0476699118015071 9.4543290505691697 8.5259559923093349 0.5814026580828885
7.0479445783867911 2.8861354411450546 5.2464369640186774 0.4829843133041844
0.3823969237342448 3.7925351725821708 9.4262520218512531 0.3297207689752631
2.1619312112796409 2.2397534104434338 2.6667073580126348 0.3625714667912254
4.2338328196050909 9.0398876918851272 8.4759056367687009 0.6447507282676670
0.1260414441358684 8.1624805444502098 6.2761314737388227 0.3204086603069803
3.6393322550126648 7.2157963805047762 1.2164677877132481 0.4350446446755696
9.6426282540360724 1.3043610950041202 3.8474684896389659 0.3134301865055303
3.6399426252021847 0.5804620502334666 8.7188329721976370 0.4319085547933826
1.6702780236213264 6.7961668752098152 5.9685048982207709 0.5783299227233880
7.0998260444959875 9.1744743186742763 4.9632251960814235 0.5653972709424427
5.8714560380870999 4.9095126194036682 4.0482802819910271 0.3137507107949243
6.7766350291451758 4.6058534501174968 5.4765465254676959 0.3616653020231170
8.3053071687978761 7.9744865260780662 9.5748771629993588 0.3463297053622174
8.6431470686971643 0.0912503433332316 7.2109134189886168 0.3333687558366798
0.3741569261757255 3.5410626544999539 4.6232490005188147 0.4541420540949123
6.4555803094576856 6.7439802240058597 9.6786400952177498 0.3581399330989668
9.0194402905362097 3.7949766533402505 3.6143070772423473 0.3079409356835663
7.5753044221320227 6.1125522629474771 7.3354289376506854 0.3824065878317156
8.1649220252082895 1.2204351939451277 6.3212988677632982 0.3315787629960343
0.0387585070345164 8.9703054902798556 3.2114627521591843 0.4358669519449729
1.4142277291177099 0.5151524399548326 2.1274452955717642 0.5488679324026330
0.8777123325296793 0.3549302652058473 3.7958922086245304 0.4811940595719963
5.9953611865596477 6.7543565172276985 5.5351420636616115 0.3605046257255439
5.6901760917996764 0.8572649311807612 5.1683095797601242 0.3136544158456900
7.9552598651081885 9.8037659840693383 2.9227576525162515 0.3060305827148125
9.4586016418958092 4.1599780266731772 0.3823969237342448 0.3342701151867642
8.6059144871364488 4.9842829676198610 0.5526902066103091 0.4750461626325502
8.6230048524430067 0.8264412366100039 8.0993072298348938 0.5266937119496611
2.2196111941892758 9.9874874111148415 3.8291573839533677 0.3716574343510206
4.3995483260597554 8.3407086397900336 2.4683370464186529 0.3135806697172661
4.9748222296823021 8.0370494705038613 7.8060243537705620 0.3401218032498134
7.3522141178624834 7.3958555864131590 4.2622150334177675 0.5014028561155591
5.1496932889797664 7.3049104281746882 8.9449751274147768 0.3452634240611761
3.2105471968749044 4.4328135013885923 3.2578508865627005 0.3488306368535010
4.5692312387462994 6.5742973113193148 8.1221961119418928 0.3330052162460191
9.9432355723746451 0.4309213538010804 1.8710898159733880 0.3127644962680461
1.2997833185827203 7.1541489913632619 4.8875392925809500 0.3515723531152187
6.0756248664815216 5.9453108310190128 0.0375377666554765 0.5588456802742492
3.5944700460829493 1.0431226538895841 2.9715872676778465 0.3231119905186549
0.2621539963988159 2.3963133640552994 1.3473921933652759 0.5318694903683373
5.0883510849330111 5.3437910092471084 7.0445875423444315 0.3121138609729062
2.1051667836542864 9.6093630787072364 0.4263435773796808 0.3250385903521900
1.2436292611468855 2.9261146885586111 0.7211523789178137 0.4297164811872651
4.2265083773308509 9.6029541917172772 1.5698721274452956 0.3964805858027434
7.0461134678182313 9.3426313058870196 5.8223212378307441 0.3618412651025659
5.5861079744865263 6.6286202581865901 8.6254463332010864 0.3229784340534420
5.9486678670613724 5.9907834101382482 2.8803369243446149 0.3599687892065908
6.0539567247535633 3.4595782341990415 6.1241492965483566 0.3772473212785808
0.0680562761314737 9.5290993987853625 2.8977324747459332 0.5334973358129986
2.2293771172215946 3.9298684652241582 1.6663106173894469 0.3266149710469974
1.6293832209234902 7.5392925809503462 0.3543198950163274 0.4844906552442054
4.5127719962157045 1.7230750450148014 9.5525986510818814 0.4546790695414574
5.6620990630817589 0.4416028321176794 7.4663533433027132 0.3167491324146356
5.4237495040742214 5.4124576555681028 5.6651509140293586 0.5345486026670041
3.9442121646778769 9.6594134342478704 9.6926786095767081 0.3086054500172383
9.1729483932004765 9.7482222968230232 3.6042359691152686 0.3186740127073916
0.1986754966887417 2.0300912503433333 2.4933622241889704 0.3061003864507121
2.4817651905880918 3.1980346079897459 2.0679342020935696 0.6061711236914741
6.5395062105166781 0.4736472670674764 9.3389690847499001 0.5324276526915741
6.6539506210516670 1.7358928189947203 3.4864345225379196 0.3070342875104562
1.1633655812250130 0.9030426953947569 0.9643848994415114 0.3692788230321787
0.8935819574571978 8.8814966277047027 3.9039277321695609 0.3182410811416870
7.3000274666585288 5.3907895138401436 5.8815271462141796 0.3958763528935682
6.8773461104159672 1.9867549668874172 4.1123691518906220 0.3315427130255048
3.4031189916684470 1.5805536057618945 2.1332438123722035 0.3421869858992633
4.5738090151676989 4.7791985839411604 2.0337534714804528 0.3106093034368539
4.5988341929380168 8.3538315988647120 0.3033539841914121 0.4595112429987586
9.3148594622638630 6.1476485488448738 6.3530381176183361 0.5826578336894723
5.3791924802392650 7.7416302987762080 7.7742851039155250 0.3202167628261075
0.1135288552507095 5.1820429090243234 1.4004943998535111 0.3154618266493952
3.5477767265846740 3.0906094546342358 4.2326120792260511 0.3316188369148241
9.2385631885738704 2.4631488998077335 3.2859279152806176 0.3582818187182535
5.4158146916104624 3.4757530442213200 8.4307382427442246 0.3307020069701141
3.0292672505874814 7.6021607104709013 7.2795800653096094 0.3364542973814031
2.2461622974333935 4.3650624103518778 6.1906796472060304 0.5970127855396338
3.9716788232062745 3.0265205847346417 6.4458143864253667 0.3153896459339940
7.9506820886867891 4.5329142124698629 9.6658223212378296 0.3520343624041583
4.0137943662831512 4.0241706595049900 1.5268410290841394 0.3135005894880215
8.0324716940824619 9.2257454145939519 7.8444776757103183 0.4561331954023034
9.1390728476821188 5.0279244361705375 2.0743430890835288 0.3454614671237339
9.7842341380046989 9.5733512375255589 8.3117160557878353 0.4768489608340937
5.1847895748771631 2.1567430646687216 8.8326670125431068 0.3605270215643859
3.7318033387249367 8.2561723685415203 0.2545243690298166 0.3654755241696965
4.9147007660145885 2.0047608874782554 7.3708304086428420 0.3367734504350221
6.3307596057008571 1.4166692098757896 8.7212744529557167 0.3047934794946494
6.3368633075960563 6.6798913541062657 2.9670094912564471 0.3646630892223873
3.9097262489700002 6.8257698294015325 0.1269569994201483 0.3743650757410950
2.2748496963408309 5.0929288613544106 6.7403180028687402 0.4675737357629389
7.8679769280068355 8.2940153202917557 9.0154728843043301 0.4114413212488457
1.1893063142796105 0.4968413342692343 3.0335398419141208 0.3614727032139169
1.1185033722952971 6.3383892330698561 6.0621967223120823 0.6390121990084452
9.2461928159428695 4.2756431775872068 8.0462050233466602 0.3357732463756097
5.7863093966490675 5.0947599719229704 7.3360393078402053 0.3613369978177622
3.6378063295388650 5.9834589678640091 9.7173986022522669 0.4182322337166816
2.1497238074892424 5.4832605975524151 4.8042237617114782 0.3565135194210773
7.1550645466475418 9.6337778862880334 8.8583025605029455 0.4033019017834467
8.8396862697225860 4.6201971495712151 8.0932035279396946 0.3033961929448806
4.0040284432508315 6.2379833368938264 1.5350810266426587 0.3408389410466400
4.2820520645771660 1.4847254860072634 7.4929044465468309 0.4380417444102689
6.8797875911740469 2.5955992309335612 2.7030243842890709 0.3045906585476001
9.3954283272804968 8.8311410870693070 8.2174138615070031 0.4307270538569227
5.2848902859584337 6.3319803460798969 1.0864589373455000 0.3381532482431103
1.5335551011688588 1.3525803399761958 5.9114352855006560 0.3072968846484757
5.0993377483443716 7.1877193517868587 5.3151036103396709 0.4748774899328995
9.6841334269234292 0.0976592303231910 3.4083071382793668 0.4110620931078948
9.4030579546494959 4.5585497604297007 1.3028351695303200 0.3217187827110188
0.9100619525742362 3.1318094424268317 8.7383648182622764 0.3864675937504005
0.5432294686727500 1.2836085085604418 0.8847315897091586 0.3667678351294235
8.0495620593890198 2.4518570513016145 4.3855098117007971 0.3575583753851557
3.4574419385357218 3.6844996490371411 1.6971343119602040 0.3033512727228355
8.6562700277718445 7.1520126956999421 7.7965636158330032 0.3733871735496422
9.5922727134006784 5.1985229041413614 2.8345591601306190 0.3522892500839099
7.8643147068697159 5.9727774895474104 2.1988586077455978 0.4200840295942034
0.8368175298318430 6.5037995544297615 7.2780541398358096 0.3794683606333377
2.1707815790276803 5.7762382885219887 6.2208929715872676 0.3867489639005218
2.0554216132084107 0.4519791253395184 2.3471785637989440 0.3311711122154798
4.8677022614215524 3.1485946226386301 5.5635242774742881 0.3112847803695774
4.4260994293038731 7.9238258003479114 2.1601001007110812 0.4980136089989859
4.6559038056581317 9.5281838435010826 3.2981353190710165 0.3687196420005505
8.4780419324320206 7.9934080019531848 7.5011444441053499 0.3640730353631773
2.7317117831965088 5.1118503372295301 7.4626911221655936 0.3565349397536121
1.9449446089053011 4.3751335184789575 6.4842677083651239 0.3124416596393060
8.7655262916959131 0.9298989837336344 4.8512222663045135 0.3130250016614057
3.8645588549455248 3.1189916684469132 1.4679403057954650 0.4416767733629751
3.1263161107211523 2.1637623218482012 1.0531937620166631 0.3488895478568759
4.9320963164159064 1.5552232428968169 2.2199163792840357 0.3579492876147152
5.3596606341746265 2.7158421582689902 6.7424542985320599 0.4300674016450975
4.0998565630054626 8.4902493362224192 5.3300576799829091 0.3101969983787720
8.9132358775597389 1.0321359904782250 0.2151554918057802 0.6518938781559183
1.4297921689504682 5.6501968443861204 9.8739585558641316 0.3299325791070352
2.1140171514023254 7.1700186162907809 6.1815240943632315 0.3246068914468003
7.1962645344401377 0.3793450727866451 9.3288979766228213 0.4841441707776108
5.3950621051667831 1.1200292977690969 0.8008056886501663 0.3080363687377652
7.2347178563798940 9.5834223456526377 9.7363200781273846 0.3737292464952001
4.7715689565721604 2.3767815179906613 2.9752494888149661 0.3478594588326337
4.5457319864497823 4.9241615039521474 4.1166417432172615 0.3217045811091392
1.5668202764976957 0.7571642200994904 1.8851283303323465 0.3659736111317370
7.1462141788995028 9.2672505874813069 3.1330301828058715 0.3209800887330015
8.3910641804254276 8.4728537858211013 0.7797479171117283 0.3423735040513806
2.1695608386486405 4.3742179631946776 2.0059816278572953 0.3583255210918784
1.3641773735770746 3.4482863856929229 7.0159001434369950 0.4159155705533498
6.2187566759239479 9.8516800439466543 3.6759544663838617 0.3728924228733200
8.5973693044831698 3.8938566240424817 8.3471175267799929 0.5335779091705712
1.9669179357280189 3.3429975280007325 8.2192449720755629 0.3593034498138157
4.9147007660145885 4.1239661854915006 5.4631183812982576 0.5698004285913121
1.0101626636555070 1.9757683034760580 8.5110019226660967 0.3755113366277571
2.8327280495620593 1.6278572954496904 0.7776116214484085 0.5562196656816496
2.9670094912564471 5.0569170201727340 2.1387371440778833 0.5807602565545155
9.7866756187627804 5.3907895138401436 3.4696493423261208 0.4623385889102802
0.8322397534104433 8.0169072542497020 9.5690786461989195 0.3373338223767143
1.6049684133426922 5.4628131962034976 0.7699819940794093 0.4265210547732798
2.5769829401532030 7.6061281167027808 8.5580004272591328 0.6278626066902295
2.2397534104434338 3.7809381389812922 5.5018768883327738 0.3519580398025151
9.0008239997558519 8.3400982696005137 4.8173467207861567 0.3537667318870946
9.7390667439802243 6.2376781517990665 9.8696859645374921 0.3453954022850033
7.8334910122989596 0.1934873500778222 8.9294106875820187 0.3265848018243764
8.4762108218634609 6.0023804437391277 5.4976042970061343 0.5432400211731545
4.0855128635517444 7.5484481337931451 9.5080416272469250 0.3291780453117938
7.6253547776726585 8.0919827875606547 9.7195348979155867 0.3205310166972088
6.6512039551988273 9.3862727744376961 2.6157414471877196 0.3499319475882163
5.8885464033936588 5.1893673512985625 8.1176183355204934 0.5000899928168044
1.1593981749931332 0.7342753379924924 7.4269844660786770 0.3553221321916523
2.4713888973662526 4.7163304544206062 3.3109530930509354 0.6697709733769339
9.0752891628772847 5.3630176702169861 8.1411175878170106 0.3910007266312041
4.3110446485793634 7.1514023255104222 9.9960325937681205 0.3732905875593864
3.0509353923154392 9.7280800805688656 2.1469771416364027 0.3178747632225714
9.5513779107028416 5.6019775994140444 6.2331003753776670 0.4041472202345904
8.5283974730674146 8.1676686910611291 4.4383068330942717 0.4333132477626462
7.2695089571825307 6.6237372966704307 0.9881893368327890 0.3336106311282114
1.5906247138889738 9.3478194524979390 8.2753990295113979 0.3947512563027421
3.4543900875881222 2.2910245063631094 7.9216895046845917 0.3219784032830593
3.0625324259163182 3.9561143833735164 2.1008941923276465 0.4917909646253476
3.2309945982238224 3.5175634022034363 5.4243598742637413 0.3072318894026252
8.8641010773033848 3.6500137333292644 2.7039399395733508 0.3376951144793147
9.3383587145603801 4.6263008514664143 2.9105502487258521 0.3561768266701649
6.6093935972167115 1.2482070375682852 4.6330149235511335 0.3761129725668814
6.8541520432142091 9.1702017273476368 3.3548997466963715 0.3905370228724466
8.4603411969359428 2.1799371318704792 5.8607745597705012 0.3680907888117431
4.1749320963164163 7.0015564439832758 2.0819727164525283 0.3246179320234653
0.2276680806909391 7.1770378734702600 9.6984771263771474 0.3304605428198209
0.2386547441022981 2.5937681203650014 1.8048646504104739 0.5549878844062048
6.7226172673726614 6.2208929715872676 2.9584643086031677 0.3655701888849255
8.0043946653645435 4.6107364116336562 3.9149143955809196 0.4725244070865698
3.3570360423596912 3.7379070406201360 0.3704947050386059 0.4594964666662852
4.1761528366954561 6.7275002288888208 6.0206915494247255 0.4213926855656561
3.9976195562608723 5.0440992461928156 5.2446058534501176 0.3087739836518486
5.1817377239295634 9.6996978667561873 5.7365642262031926 0.3420190130136760
5.0651570177312539 4.0409558397167880 6.3844721823786124 0.3803868262248262
9.3990905484176164 4.6852015747550890 0.7217627491073336 0.3780157194443539
5.8867152928250990 2.1597949156163212 1.2524796288949247 0.5156686873851302
5.6300546281319619 7.8139591662343211 4.9711600085451826 0.3083113992546932
5.2980132450331130 8.5589159825434127 5.3840754417554244 0.6209606800716778
7.8313547166356390 6.0072634052552871 1.3507492294076355 0.3630250922487300
4.4941557054353467 1.5659047212134158 8.0504776146732997 0.4574318315344602
6.0875270851771601 4.0501113925595869 0.3909421063875240 0.4718817353741040
6.1317789239173557 1.3769951475569933 4.1740165410321364 0.5570469586647431
3.8389233069856870 2.9093295083468123 5.3224280526139101 0.3279650626834811
9.6792504654072697 3.9988402966399121 2.4915311136204106 0.3255172394608431
1.3586840418713950 9.3060090945158240 3.3664967802972501 0.3482144634271345
3.0201116977446825 6.4458143864253667 9.9688711203344820 0.3055321785616825
5.4786828211310157 6.5334025086214789 3.2743308816797390 0.4358669519449729
0.3039643543809321 3.1833857234412672 2.4640644550920134 0.3890298455738349
5.5656605731376079 6.5297402874843593 9.1152684102908417 0.4866277796691206
6.0472426526688441 3.8267159031952880 1.6431165501876888 0.3090607330806123
5.7487716299935911 3.1965086825159461 0.3161717581713309 0.3427706376182602
5.4853968932157349 2.0822779015472883 8.1423383281960504 0.4046347240152813
3.3957945493942079 6.9704275643177578 7.9519028290658289 0.6035096790757978
1.1746574297311321 5.9462263863032927 0.9823908200323496 0.3438387413771058
3.8392284920804469 0.6421094393749810 7.2814111758781692 0.3386618234271415
5.8436841944639433 9.1470076601458778 3.2343516342661829 0.4988933927748053
1.3534958952604756 6.4281136509292889 6.5395062105166781 0.3905293130972312
1.4938810388500625 3.8428907132175665 3.9313943906979580 0.3126250698194999
6.3811151463362528 4.2893765068514060 1.9748527481917781 0.3182036937113271
4.7529526657918026 4.5664845728934598 6.2346263008514669 0.4613283485846201
9.0093691824091309 1.5033417767876216 9.1390728476821188 0.6237451188255568
8.4749900814844210 3.4199041718802454 1.8454542680135502 0.4723592856696709
8.6968596453749196 3.4827723014007992 0.4251228370006409 0.6278626066902295
9.5919675283059185 6.5193639942625206 1.6718039490951262 0.3647627819735246
0.2502517777031770 5.8476516006958228 8.8583025605029455 0.3248095410130106
3.2163457136753442 1.6922513504440442 2.7402569658497877 0.4044483086834909
6.0505996887112037 7.7431562242500078 8.1328775902584916 0.5534556063616185
2.9920346690267645 7.4211859492782377 1.3608203375347148 0.4496909919047715
4.5298623615222633 6.4128543961912898 8.9034699545274201 0.3798954126385956
7.6964629047517317 3.0393383587145606 2.5412762840662859 0.4476627752303097
4.8976104007080297 3.0167546617023220 1.3214514603106784 0.3657538812512104
4.0900906399731438 0.1760917996765038 5.6508072145756403 0.4476228490529582
8.1179235206152534 9.7024445326090270 3.8276314584795679 0.4701524855467946
6.0216071047090054 5.4530472731711788 6.3341166417432166 0.4481430033193562
4.1349528489028593 7.9256569109164712 8.1875057222205267 0.5200788143830438
9.7759941404461799 4.4276253547776729 4.6757408368175293 0.3164095540060808
5.3505050813318276 8.0199591051973016 0.7824945829645680 0.4472243690128596
5.6776635029145170 6.7894528031250960 9.6148564104129157 0.3036268274722987
6.3502914517654965 0.0173955504013184 0.1489303262428663 0.3740790664935022
5.9428693502609331 2.8055665761284221 9.6066164128543967 0.3769189582277450
9.8806726279488508 5.7197790459913929 0.7666249580370494 0.3645459430369889
8.7795648060548732 1.0165715506454664 9.5391705069124413 0.3042150130617137
9.0737632374034849 2.0163579210791345 3.0979338969084753 0.3284689399378957
8.7392803735465563 7.1800897244178596 3.8969084749900817 0.5664511811218896
5.9266945402386551 5.4573198644978183 9.8767052217169713 0.4210067066025966
3.3198034607989744 4.4672994170964690 6.1738944669942324 0.4818890983588874
6.0261848811304048 8.0718405713064971 8.6480300302133237 0.4583351068829229
5.8162175359355448 4.9079866939298684 4.5374919888912624 0.3077474507751987
9.5251319925534830 4.4389172032837916 0.5563524277474288 0.3291469180216455
4.4218268379772327 2.0865504928739282 3.7449262977996156 0.3531459582327673
8.3697012237922301 0.0088503677480392 5.3862117374187441 0.3176179923198909
7.5798821985534222 5.0856044190801715 3.3036286507766959 0.4145264422909474
9.7769096957304598 0.6714072084719382 2.8482924893948178 0.3476607062970029
5.5861079744865263 3.6829737235633413 1.8887905514694661 0.6233943281621065
5.9584337900936921 3.5786004211554308 0.1214636677144688 0.5612915272989475
8.4395886104922635 4.7965941343424792 8.0056154057435833 0.3089428860447112
0.1004058961760308 9.2126224555192735 5.6413464766380805 0.3175471886053556
9.9435407574694050 0.1785332804345836 6.9029816583758050 0.3563744126146994
8.5879085665456110 4.7077852717673272 9.1369365520187991 0.4408849836792489
8.0584124271370587 5.3633228553117460 3.7385174108096559 0.3401883626076854
9.4811853389080483 8.4206671346171458 7.9226050599688715 0.4689120903741700
1.5024262215033417 9.8590044862208934 2.9932554094058044 0.4128278541460782
7.2438734092226928 5.7490768150883511 9.4360179448835719 0.3866970709769883
2.6035340433973202 8.5964537491988899 4.1337321085238194 0.4544950679321201
3.7189855647450178 6.2047181615649896 0.0268562883388775 0.3196265180123781
6.4012573625904112 4.6220282601397749 3.5273293252357556 0.3049853702807518
5.3550828577532270 1.7310098574785606 9.9969481490524004 0.3170968750776783
5.9971922971282083 3.0448316904202399 2.6062807092501599 0.3414629775502694
6.6826380199591053 6.2752159184545429 4.8869289223914301 0.6004628706657306
4.1569261757255775 6.2300485244300665 2.2818689535203101 0.3902060512244787
0.0408948026978362 6.6075624866481517 3.0188909573656426 0.3370210944268252
1.1630603961302530 0.2453688161870174 3.6078981902523881 0.5090014201444145
1.5549180578020569 4.3925290688802763 9.2828150273140668 0.3306346427469729
8.9153721732230586 2.5574510940885649 4.6949674977874079 0.3977997573762343
3.3619190038758506 9.5086519974364450 5.1753288369396033 0.3529040060941160
1.2814722128971221 0.9744560075685904 3.8743247779778436 0.3966199181057570
2.0868556779686882 4.6183660390026553 5.0917081209753707 0.4565932423648440
0.7007049775688956 3.8431958983123264 9.1131321146275219 0.5244681250358891
3.5706656086916717 0.9897152623065890 8.8616595965453051 0.4150660913840774
1.0345774712363047 1.4947965941343424 3.6768700216681416 0.3689465925517679
3.8450270088808862 5.5656605731376079 0.5395672475356303 0.3428530335430675
6.6673787652211072 8.9388714255195776 8.0446790978728604 0.3124953732059074
6.3606677449873352 9.2834253975035868 3.4449293496505629 0.3884923204000485
7.8594317453535565 9.8092593157750176 8.0724509414960171 0.3795921456516899
5.4625080111087376 6.6466261787774279 1.4493240150151065 0.3206710817204815
2.3474837488937039 1.5588854640339367 9.4070253608813754 0.3241738164539662
6.1171300393688774 6.5456099124118783 6.5166173284096809 0.3258678044984549
3.1965086825159461 1.9067964720603046 8.1517990661336110 0.3310316931777307
9.8889126255073698 4.3259987182226016 2.4915311136204106 0.3395647530577258
2.9023102511673331 6.5318765831476790 7.7785576952421644 0.4795526972219246
7.1663563951536604 5.1103244117557303 5.1396221808526876 0.4155887857385370
3.7409588915677361 8.0178228095339819 2.2922452467421492 0.6209606800716778
5.6398205511642807 8.3678701132236704 8.4350108340708640 0.3043115930617863
4.3723868526261178 6.0490737632374039 5.6465346232490008 0.3975179635926159
5.0260933256019777 3.7357707449568163 7.1001312295907475 0.3560169430776779
2.6908169804986724 8.8576921903134256 7.4059266945402396 0.3301449345507479
8.0477309488204600 8.0883205664235351 5.3953672902615430 0.3076464367617405
4.9272133548997470 5.9154026917325355 4.6601763969847712 0.4003553877895478
7.6561784722434156 3.8569292275765248 2.1564378795739616 0.4143602084344918
0.9988708151493881 1.8820764793847469 0.1892147587511826 0.3274756975979339
0.5111850337229530 8.6028626361888492 2.0862453077791683 0.3183874007981232
6.1143833735160378 1.7987609485152745 6.8773461104159672 0.4199190108056884
6.7067476424451433 5.8345286416211426 3.2902005066072570 0.4463526819108894
8.6217841120639669 7.5347148045289467 8.3751945554979095 0.3053389092160870
5.7460249641407515 7.0793786431470682 1.0690633869441817 0.3459490747933788
4.1114535966063421 5.4805139316995755 6.0167241431928460 0.4625811527817481
8.7701040681173144 5.2040162358470408 7.9552598651081885 0.3739363891713723
5.7689138462477496 5.4966887417218544 1.9806512649922179 0.3119944309845370
7.0332956938383129 8.9852595599230938 0.0030518509475997 0.3524323100906425
0.9738456373790704 1.1053804132206182 8.7069307535019984 0.3617050057051641
6.6298409985656299 8.9281899472029789 9.3279824213385414 0.4087046576953019
4.1547898800622578 0.9381389812921537 4.5585497604297007 0.3945904214710175
9.4708090456862077 4.3388164922025210 2.8946806237983336 0.3084372837342623
5.8873256630146189 1.4310129093295085 5.7371745963927125 0.3121358811881809
0.5105746635334331 1.6437269203772087 7.5576036866359440 0.3154749575168629
8.2479323709830012 0.7678456984160893 4.4462416455580307 0.4777089003367899
1.2231818597979676 3.9600817896053959 1.3483077486495558 0.3808180348834174
6.4149906918546096 4.0784936063722652 3.3060701315347756 0.3539694254977201
9.3292031617175812 1.9153416547135838 1.0159611804559465 0.3728091519057801
6.5199743644520405 9.8821985534226506 6.0167241431928460 0.3659617203371324
4.7712637714774004 5.7188634907071130 5.8159123508407848 0.5355263985422923
9.7497482222968230 7.7828302865688039 4.2728965117343671 0.4474367150321718
1.9428083132419813 8.4817041535691402 7.5481429486983851 0.3497284201969750
2.6966154972991117 7.4153874324777984 0.9277626880703147 0.3172243164549756
8.1621753593554498 0.7861568041016876 6.8468276009399700 0.3427706376182602
3.9628284554582356 8.6410107730338446 9.4076357310708953 0.3759936616501969
8.4008301034577464 6.5080721457564019 5.7203894161809128 0.4236852746310352
7.0082705160679950 2.9911191137424846 9.3734550004577777 0.3949123536802687
6.2593462935270239 9.8840296639912104 6.3386944181646161 0.4038999369514160
9.2553483687856684 6.3643299661244548 8.6388744773705248 0.3695009761704678
1.1938840907010102 3.8349559007538070 6.0734885708182009 0.3181833079710583
7.4382763145847957 2.9706717123935666 1.3309121982482375 0.3297246864441359
1.9928586687826166 9.5345927304910418 8.7865840632343524 0.3714742235821299
9.2062135685293143 0.5270546586504715 2.3062837611011080 0.3281800820536195
6.5037995544297615 7.2298348948637345 2.3694570757164222 0.3834112233034572
0.9738456373790704 6.7036957914975437 7.8145695364238410 0.3547428713232692
7.6094851527451404 8.3114108706930754 2.5324259163182470 0.6057242853821518
2.0236823633533736 6.8172246467482536 2.4106570635090181 0.3641138071158385
5.4539628284554587 8.6342967009491254 2.8434095278786584 0.3292091843800607
4.8573259681997136 2.7777947325052645 2.1222571489608448 0.4661722401144175
5.9212012085329757 3.0881679738761560 1.0168767357402264 0.4339813309754639
1.7957090975676748 3.2847071749015777 3.8612018189031652 0.3596299597585749
5.3590502639851065 1.4169743949705496 1.4535966063417463 0.3512841946196492
7.8334910122989596 5.2699362163151955 1.0882900479140598 0.4695387042717716
1.5576647236548968 5.2900784325693531 4.0281380657368695 0.3839859481686793
9.7378460036011845 6.5944395275734733 5.7283242286446736 0.3393403151265992
0.9753715628528703 6.6219061861018709 9.1302224799340799 0.3617844654040272
1.4017151402325512 9.9942014831995607 6.3319803460798969 0.5649914053005131
2.2147282326731164 7.1428571428571432 8.9516891994994960 0.4137076376531828
5.4448072756126589 8.2735679189428382 2.4921414838099305 0.3758282028841362
5.7506027405621509 9.2190313425092327 5.0263985106967377 0.3676113594710594
1.0654011658070619 0.7528916287728507 5.5067598498489332 0.3174562479514466
9.9044770653401297 7.9229102450636315 2.0197149571214941 0.3095704458962651
8.1414227729117705 0.9625537888729514 5.2931302835169536 0.3185783607457350
3.0732139042329170 4.3534653767509992 7.7678762169255657 0.3807413874019468
7.5820184942167419 5.5879390850550861 3.5520493179113135 0.3295603128643322
2.2046571245460371 0.2069154942472610 9.5648060548722800 0.5961730323826235
7.9299295022431107 4.6656697286904505 3.1818597979674674 0.3400242770089316
7.5243385113071080 3.5966063417462690 6.7030854213080238 0.3101203177543465
8.2119205298013238 3.0283516953032015 3.9423810541093172 0.3316589302136447
3.5108493301187171 6.1235389263588367 9.2638935514389473 0.3127454689220041
7.0418408764915918 2.9999694814905240 4.3693350016785182 0.3820811038685304
6.1247596667378765 1.1960203863643299 3.1534775841547895 0.3299090177638351
7.9708243049409466 8.3419293801690735 9.9377422406689657 0.4699421466425242
6.2837611011078218 3.6011841181676685 1.3937803277687919 0.3226976043488559
1.0882900479140598 9.4463942381054107 7.4761192663350320 0.3177969686237419
9.5889156773583171 0.3244117557298501 1.6623432111575669 0.3480197609911391
0.8764915921506394 9.7842341380046989 5.8317819757683029 0.3635157157545701
2.3010956144901886 2.6197088534195991 0.0787377544480728 0.3282608598401139
0.3088473158970916 3.5981322672200688 2.7832880642109443 0.3838131688975869
3.5700552385021518 9.3304239020966211 1.2463759269997252 0.3310237334643436
1.2027344584490494 4.8496963408307137 8.2055116428113646 0.3188074338873524
3.9072847682119205 1.4590899380474256 4.5399334696493421 0.5611599986418999
0.8218634601886043 7.4126407666249587 3.4824671163060392 0.4555036464673119
9.9154637287514884 7.9885250404370254 6.6447950682088681 0.3862460367564668
4.7260963774529250 6.5205847346415604 7.1733756523331405 0.3754322868594681
5.2626117740409564 2.9505294961394086 0.3463850825525682 0.3053475526130542
5.8748130741294595 1.4603106784264659 6.9249549851985224 0.4205910182224202
7.9116183965575129 3.7488937040314951 9.5690786461989195 0.3287897982228674
9.9771111178930010 9.5181127353740038 7.6357310708944972 0.3365477902174455
3.5938596758934294 0.7260353404339732 0.6649983214819788 0.4278122201686760
7.0937223426007883 1.1746574297311321 5.8717612231818599 0.3638055601972557
5.5378887295144512 7.9876094851527446 9.9536118655964838 0.4721943948146729
9.4897305215613272 6.5511032441175576 0.5279702139347514 0.4169021293777441
0.4443494979705191 5.4686117130039369 7.5102999969481488 0.6417995677077246
5.7338175603503529 3.1025116733298748 9.7451704458754236 0.5584260484451279
0.7141331217383342 2.2565385906552322 7.2054200872829366 0.4835991017877093
1.0522782067323833 4.5664845728934598 4.0705587939085053 0.4269386980245556
2.9236732078005314 1.1609241004669333 2.9941709646900843 0.3065410343039565
3.9292580950346383 1.1545152134769738 5.8763389996032593 0.5579755434363387
2.5522629474776455 4.5335245826593829 1.4542069765312662 0.3261298471394370
8.9580980864894553 1.0003967406231880 5.0193792535172577 0.4056168339244495
4.9580370494705042 1.3379314554277169 0.5764946440015870 0.3958600733382987
5.9434797204504530 2.8537858211004972 0.7580797753837702 0.4314826408382292
2.6050599688711200 5.4716635639515365 4.8026978362376784 0.4039881829263676
5.2525406659138767 0.0265511032441176 9.9151585436567284 0.3414900174165337
8.5399945066682950 5.3343302713095495 6.3151951658680989 0.3488649967694133
9.4177068391979741 5.5873287148655661 1.2921536912137210 0.3436351462341835
6.1174352244636374 4.6498001037629324 2.5754570146794031 0.5155515580321833
0.9857478560747093 8.8073366496780299 6.3338114566484567 0.3917394517373722
4.9781792657246617 4.5359660634174626 0.1144444105349895 0.3433536851642419
6.6231269264809107 2.8550065614795370 6.0408337656788849 0.6548535619972563
3.2746360667744989 6.8236335337382128 4.5704519791253393 0.3276130363178335
7.4623859370708336 3.7427900021362959 4.1361735892818992 0.3890146632657990
6.1482589190343937 8.6294137394329660 6.9780571916867586 0.3214741559369342
5.7090975676747941 0.5203405865657521 6.4769432660908848 0.3491058958763623
0.4544206060975982 8.1734672078615684 6.3078707235938589 0.4959512319582936
7.4898525955992312 6.7220068971831415 6.7192602313303018 0.3209589822184284
5.7414471877193520 1.8518631550035098 8.2555619983520003 0.3993387538596625
1.9547105319376201 3.0597857600634786 8.2326731162450031 0.3164427816525306
1.4749595629749443 2.5556199835200051 0.2801599169896543 0.3183022984950849
6.6298409985656299 1.3715018158513137 2.2638630329294718 0.3423871676950317
0.5163731803338725 9.2419202246162300 2.8949858088930935 0.4908830926276441
9.0173039948728899 9.8135319071016571 2.3508407849360640 0.3187287225794215
8.8473158970915851 7.7529221472823266 7.2041993469038967 0.3194433881139286
4.4480727561265905 9.3072298348948639 4.9870296334727007 0.3718156651482988
1.5472884304330576 2.8879665517136144 8.6928922391430401 0.4828581267183290
0.1831110568559832 1.2341685232093265 6.5346232490005187 0.6706403041864498
5.0215155491805783 1.7227698599200414 7.2673726615192109 0.5431534526769409
5.7649464400158701 6.3823358867152926 6.3902706991790525 0.5888614412991995
5.4753257850886561 8.1801812799462876 3.5419782097842338 0.4433800061363198
9.6182134464552753 5.1390118106631677 6.3972899563585317 0.3313746868640062
3.6414685506759845 8.8497573778496665 1.3803521835993529 0.4682410003993733
1.9028290658284250 8.9388714255195776 6.5105136265144816 0.3204925416928049
5.7576219977416301 0.0585955381939146 6.6835535752433852 0.3418649499400852
3.6158330027161472 2.9569383831293679 6.7116306039613027 0.5525875748209237
0.7910397656178472 6.1925107577745910 2.4277474288155769 0.6473489774901993
1.9403668324839016 0.0564592425305948 5.1701406903286840 0.3293299596620489
3.9176610614337597 9.2651142918179872 9.9560533463545635 0.3298305285316454
1.8497268593401897 5.9819330423902093 2.6609088412121951 0.4456575864678458
6.2462233344523455 9.7375408185064245 6.5150914029358811 0.4400242626410250
3.9582506790368361 5.8043153172399062 3.2261116367076630 0.3266640198198937
0.7962279122287668 8.5912656025879706 9.0459913937803282 0.3637301117092471
8.6220892971587269 1.6190069277016512 1.0895107882930997 0.4203010109837722
4.7239600817896052 0.6451612903225806 4.2216254158146915 0.4853336386180543
6.2916959135715809 1.4886928922391429 3.8209173863948487 0.3704761010565357
7.7996154667806028 9.1299172948393199 4.7370830408642846 0.4073724285953342
4.1132847071749019 9.6392712179937128 1.7505417035431989 0.3210152785985943
7.1327860347300645 1.5030365916928616 1.8485061189611498 0.5418043746009095
8.7801751762443931 7.9049043244727919 3.6320078127384257 0.3219926533012806
8.1505783257545712 6.5248573259681999 4.1615039521469770 0.3750183646775851
5.6340220343638414 8.4246345408490253 8.5580004272591328 0.3864602003243432
1.8225653859065525 2.5736259041108434 2.6706747642445143 0.5032387564677553
4.0165410321359909 7.5856807153538615 4.1224402600177008 0.3658488348064920
8.1386761070589309 7.2203741569261757 2.0480971709341715 0.3287201080204140
8.8723410748619038 1.2210455641346476 0.8359019745475631 0.3737745197388383
5.8345286416211426 8.0455946531571403 8.1844538712729271 0.3247579094728552
8.5979796746726898 1.0528885769219032 2.7896969512009036 0.3072643801513683
8.3697012237922301 4.7117526779992067 1.9742423780022582 0.4520467439669065
9.1460921048615980 2.3886837366863003 4.5686208685567795 0.3367223045469079
6.1519211401715133 2.2827845088045899 9.3594164860988194 0.3624283858918958
4.3751335184789575 3.0664998321481978 4.4169438764610733 0.3520496348707632
5.0154118472853781 5.7948545793023465 7.6143681142612998 0.3327691542159241
2.6520584734641561 3.6500137333292644 3.6503189184240243 0.3293494561508805
0.9479049043244727 6.0759300515762815 7.8878139591662340 0.3712913735392213
9.7030549027985469 8.8744773705252236 2.3221533860286265 0.3322707460565793
1.0650959807123019 6.8166142765587336 3.9906002990813927 0.3611169104645206
7.7156895657216111 0.3405865657521287 1.1355937376018557 0.3102307618898490
0.8389538254951628 2.8904080324716941 7.4346140934476761 0.6248527673124433
0.6900234992522964 0.4626606036561175 9.6090578936124764 0.6037296845782522
7.5734733115634629 9.9246192815942873 8.7231055635242765 0.6043474111666920
6.0414441358684048 7.6607562486648151 0.4889065218054750 0.3364840338327614
0.1315347758415479 5.1182592242194893 4.8875392925809500 0.4041206966235557
2.4494155705435348 2.8067873165074619 0.4153569139683218 0.4545092113295855
4.9116489150669880 9.3166905728324227 3.2789086581011384 0.4510134682181866
3.9625232703634756 6.9219031342509227 6.8355357524338514 0.3861207130600470
8.0742820520645768 0.3265480513931700 1.6061891537217321 0.4396397428129515
0.3469954527420881 0.1187170018616291 1.1658070619830927 0.3412874269126089
4.0177617725150307 7.4919888912625510 4.2240668965727712 0.3728027495270349
3.6909085360271003 1.8002868739890743 8.2100894192327640 0.3108100936136471
0.1065095980712302 7.5090792565691089 4.6739097262489695 0.3551848744686839
1.2537003692739646 2.1008941923276465 1.8185979796746725 0.6157755846870376
7.6461073641163368 1.5005951109347819 4.4712668233283486 0.5300518652986882
4.5683156834620195 4.5851008636738184 6.8074587237159339 0.5543291179192310
9.1100802636799223 3.3344523453474535 8.1460005493331717 0.3071610481686484
4.7935422833948786 0.1916562395092624 7.1178319650868254 0.3163298645580389
1.6168706320383315 9.1937009796441540 4.5304727317117832 0.3096374434003159
4.3144016846217230 2.4289681691946168 0.2331614123966186 0.3642420659173586
6.6566972869045067 8.3974730674153868 4.3003631702627647 0.3989937619622417
4.5948667867061372 3.8196966460158088 7.8426465651417585 0.4306016362979094
6.0673848689230017 5.4716635639515365 3.7607959227271341 0.6293634642734911
8.5872981963560910 4.2609942930387277 3.4684286019470809 0.4397760314635533
5.3154087954344309 9.5397808771019612 6.6505935850093074 0.3735032088081749
2.3563341166417433 6.7009491256447040 8.5372478408154553 0.4646637218187528
2.0157475508896145 0.6872768333994568 3.7189855647450178 0.4893150578231052
0.1464888454847865 4.6281319620349741 5.7441938535721917 0.3439221695005525
6.5077669606616420 5.0141911069063383 2.8385265663624986 0.4492580993971334
8.7331766716513570 6.0374767296365253 6.1433759575182343 0.3467311765504840
8.9800714133121744 5.8992278817102575 2.0361949522385330 0.3140725502355967
7.3137607959227271 2.9047517319254128 5.0965910824915301 0.4271040082022047
0.8923612170781580 4.1584521011993774 3.2764671773430587 0.5161382716567163
3.0176702169866028 4.6632282479323708 1.8439283425397504 0.3353236589994887
1.1078218939786981 9.6487319559312716 7.6552629169591357 0.3128374773491550
7.6625873592333749 7.9296243171483507 0.3234962004455703 0.4031354355768461
3.2758568071535388 9.1161839655751216 1.8454542680135502 0.3120446950125312
5.7631153294473103 2.4808496353038119 1.2433240760521256 0.4779680947973940
4.4651631214331493 0.3003021332438124 5.7939390240180666 0.3108039077095425
3.7879573961607713 3.4815515610217593 5.3990295113986626 0.4583497343872080
5.0462355418561353 2.2849208044679097 1.6644795068208866 0.3227011985523133
0.6677449873348186 9.9597155674916831 8.2470168156987214 0.6574956684223716
9.8248237556077775 2.0984527115695668 4.0348521378215887 0.4759101377945491
9.5535142063661613 9.5321512497329621 5.7225257118442325 0.3762257942795370
0.4235969115268411 7.5667592394787437 1.3409833063753165 0.3494561376419347
0.8233893856624043 9.3844416638691364 1.3107699819940795 0.3674239099439328
8.9172032837916184 6.4146855067598496 8.5735648670918909 0.3597353599969273
6.3423566393017357 3.4934537797173988 4.3687246314889983 0.4736033554357774
2.7109591967528308 1.6168706320383315 1.2210455641346476 0.3229171442554731
4.9674977874080630 6.1073641163365577 9.6923734244819482 0.3679934871728758
0.6787316507461776 3.0005798516800439 0.4678487502670370 0.3408478876800484
9.3078402050843838 1.4694662312692648 8.3391827143162320 0.3085183181345698
0.5417035431989502 5.0953703421124903 9.6383556627094329 0.3378245230831451
3.7311929685354168 9.7970519119846191 9.6984771263771474 0.3930675311020503
7.5041962950529495 1.2359996337778862 1.8906216620380261 0.5945075948605630
3.6219367046113464 9.5056001464888453 4.8103274636066775 0.3033316284890570
4.1331217383342995 3.9149143955809196 9.1653187658314774 0.3659617203371324
5.8900723288674586 5.6877346110415967 0.9378337961973937 0.4174542812123868
1.4941862239448225 1.3806573686941128 2.3770867030854212 0.4697967476764149
0.7269508957182531 4.8380993072298351 7.3854792931913202 0.3949526691353650
1.5329447309793389 0.4928739280373546 2.8626361888485370 0.3481511373458047
4.6153141880550557 5.8308664204840230 2.5699636829737238 0.4428560787461640
0.7074190496536149 5.8223212378307441 5.0749229407635728 0.3263175374696659
4.5844904934842985 7.1452986236152229 2.3419904171880246 0.5332827112122100
4.8719748527481919 5.0013733329264198 0.5288857692190314 0.3667498441986520
3.7211218604083380 0.3433332316049684 9.5547349467452012 0.4865348826500892
5.4087954344309814 0.3274636066774499 2.9966124454481640 0.3336599120799780
7.9253517258217112 9.7964415417950992 4.8847926267281103 0.5226748692017185
6.6124454481643111 6.6145817438276309 4.9519333475753049 0.5819338349789499
3.9176610614337597 8.6602374340037240 8.9031647694326601 0.5100738148491094
4.3208105716116822 5.2925199133274328 5.2668843653675959 0.4155195996589606
8.4997100741599780 1.1023285622730186 5.3935361796929833 0.3518411402475380
5.7988219855342260 4.7614978484450816 8.1566820276497705 0.3671163552301691
9.0591143528550067 0.7803582873012482 5.9260841700491351 0.3829752992458813
0.8719138157292399 6.9917905209509570 3.3741264076662496 0.3942535195877924
5.3282265694143494 5.5656605731376079 5.6743064668721575 0.6160617748443314
4.3079927976317638 0.3753776665547655 7.6567888424329356 0.3266677940229505
2.3929563280129398 8.5216834009826954 0.4867702261421552 0.3287317189512003
9.4497512741477703 8.8290047914059873 7.4202703939939578 0.3963905338576325
4.9501022370067442 5.1295510727256080 5.2079836420789203 0.4359148128762569
3.0979338969084753 7.1431623279519032 2.7045503097628707 0.3950333494607207
2.8135013885921811 6.7665639210180970 3.2477797784356213 0.4603268805428118
1.6461684011352886 2.5864436780907618 2.3697622608111821 0.3689711612339587
7.6747947630237734 0.4293954283272805 7.4022644734031182 0.3319361035071827
8.4600360118411828 2.7555162205877863 0.5401776177251503 0.3296581147815923
1.1081270790734581 4.7144993438520464 1.9232764671773430 0.3647334492595208
2.5122837000640890 9.6761986144596701 4.3009735404522846 0.3187629353350764
3.8306833094271675 2.0416882839442123 5.8403271584215837 0.3671645310273832
8.2662434766685990 0.1565599536118656 2.6422925504318369 0.4739707775449694
6.2089907528916291 7.1321756645405445 7.5283059175389875 0.4783492664957090
6.8059327982421340 2.3880733664967804 6.6554765465254668 0.3703263703381320
0.0161748100222785 1.7340617084261605 0.5304116946928312 0.3739363891713723
8.2213812677388827 8.7960448011719112 0.9778130436109500 0.5388940937237190
1.4423047578356274 5.6010620441297645 0.6277657399212623 0.3766517524246530
5.2406384472182381 5.1414532914212474 6.4879299295022435 0.3348014759137391
5.3492843409527877 3.7162388988921782 4.1581469161046174 0.3869419532255525
8.1121250038148141 5.8748130741294595 4.2515335551011688 0.5533312677514182
0.7800531022064883 9.7705008087405005 7.5881221961119412 0.3359883862178657
0.7379375591296121 5.7347331156346328 0.7162694174016542 0.3047420089794453
7.7169103061006510 5.8885464033936588 8.3330790124210328 0.4790279797353745
8.0571916867580189 7.6006347849971014 4.1572313608203375 0.5691033726089116
5.0877407147434912 8.6053041169469289 6.8266853846858124 0.4311041851988773
4.6769615771965691 6.5944395275734733 2.3722037415692618 0.4755366722410934
0.0256355479598376 1.0928678243354595 9.8419141209143355 0.3328586161784532
4.7575304422132021 0.4327524643696402 1.6263313699758906 0.3887115138924944
8.3754997405926694 1.6370128482924895 5.0605792413098545 0.3216016944302792
3.1427961058381908 6.0271004364146847 6.8498794518875696 0.3356637790546356
6.4522232734153260 8.3635975218970309 6.8959624011963259 0.4008162654055138
7.7455977050080875 2.3358867152928249 3.0793176061281171 0.5427501946331810
4.0482802819910271 0.2139347514267403 3.5593737601855526 0.4219900825945563
3.1781975768303479 9.4674520096438481 8.1572923978392904 0.3545750667839720
8.6925870540482801 4.1746269112216563 5.3834650715659045 0.3223425687958777
5.6364635151219211 4.0284432508316295 6.6740928373058264 0.3352357044658095
1.1557359538560137 8.7502670369579150 4.3919186986907564 0.4682410003993733
9.0325632496108881 0.7287820062868129 5.1652577288125245 0.3523301006690202
2.2113711966307563 3.6927396465956601 5.1182592242194893 0.4262471787890000
2.3767815179906613 0.2313303018280587 8.5570848719748529 0.3301606863440070
0.6411938840907010 5.9767448957792899 6.6783654286324659 0.3602251464093974
8.4124271370586250 3.2544938505203409 7.8591265602587965 0.3889918942468185
2.4942777794732502 2.0255134739219334 6.0890530106509599 0.3335039555283845
3.4955900753807185 0.9216589861751152 9.1131321146275219 0.3499965796713800
1.5936765648365734 6.1903744621112704 2.8397473067415384 0.4831286882043886
8.7313455610827972 1.3657032990508744 3.5856196783349104 0.3334793574512868
1.2955107272560809 5.4725791192358164 4.7114474929044468 0.3229099367490304
2.3535874507889036 2.5785088656270028 9.2156743064668731 0.3260399090061505
7.4962614825891905 0.5047761467329935 4.8478652302621539 0.3386967096896057
3.3600878933072909 1.5131076998199409 3.3063753166295355 0.4132523086077086
2.8891872920926542 2.7741325113681450 0.0756859035004730 0.4864049459064965
6.3939329203161721 9.4357127597888120 6.4754173406170850 0.3089398666886797
2.4756614886928925 8.1002227851191737 0.4751731925412763 0.3327854128740029
7.8768272957548753 3.5261085848567157 7.8456984160893581 0.4187914800271584
0.3186132389294107 6.3618884853663751 0.1992858668782617 0.3817074597384159
3.3915219580675684 4.7306741538743244 1.4926602984710227 0.5513875504003451
7.5545518356883443 7.4730674153874324 9.5455793939024005 0.6228446761814274
6.3155003509628589 1.8628498184148687 4.1407513657032986 0.5068615087308570
1.6470839564195685 3.6094241157261879 8.2744834742271181 0.3728796071124396
7.7031769768364509 1.9553209021271400 4.1056550798059019 0.3429859493541541
6.8990142521439255 7.6857814264351330 0.1818903164769433 0.3657005131746132
7.4184392834253980 6.8608661152989292 1.4923551133762627 0.3295524937235711
6.2071596423230693 8.0816064943388159 8.9187292092654182 0.3936706789053128
6.5181432538834807 6.1049226355784780 9.6398815881832327 0.3380536306193867
4.0705587939085053 9.6182134464552753 5.0599688711203346 0.3627951249279323
0.8841212195196386 5.9862056337168488 7.8151799066133609 0.3258528560546814
0.8502456740012818 0.7843256935331279 4.4267097994933930 0.3348973135067049
6.1073641163365577 4.9287392803735468 5.1600695822016052 0.3128406519851306
8.2750938444166380 7.2151860103152563 7.6552629169591357 0.3174427841193765
3.6185796685689868 5.0834681234168517 5.8861049226355791 0.3546799073992115
6.1992248298593102 1.4154484694967497 1.0177922910245063 0.3697484411960247
8.0739768669698169 0.1797540208136235 5.7191686758018729 0.3213397511845323
0.6115909298989838 8.7392803735465563 8.4939115573595387 0.3164893238159485
5.9846797082430490 9.6273689992980742 9.5962401196325580 0.3923109145506878
2.8940702536088136 9.6139408551286358 5.0883510849330111 0.3687135159485209
5.6028931546983243 8.8659321878719446 0.6082338938566241 0.3080811437280512
0.3262428662984100 8.0184331797235018 1.4032410657063510 0.3390113343662252
8.0520035401470995 5.9697256385998108 0.1986754966887417 0.3698972388620304
7.8463087862788781 6.2096011230811490 9.4592120120853291 0.4391085942302267
9.7116000854518276 4.4975127414777063 9.6066164128543967 0.3200496637332323
1.0571611682485429 5.6981109042634355 9.7619556260872216 0.4283018510255145
5.8479567857905828 2.5931577501754814 2.5617236854152043 0.4341342789059363
0.4855494857631154 4.4749290444654681 9.6270638142033143 0.4657035960442848
5.4988250373851741 8.3397930845057520 9.2318491164891512 0.4477559917383298
7.0888393810846271 0.4889065218054750 2.7475814081240273 0.3480635310749072
7.6061281167027808 1.3580736716818751 1.4154484694967497 0.4035740959109330
9.0124210333567305 1.3730277413251137 0.0152592547379986 0.3215024803415159
8.3965575121311069 0.6610309152500992 8.9901425214392532 0.4459718099313433
9.5989867854853976 0.4193243202002014 1.5906247138889738 0.3300268918358192
0.0170903653065584 8.7542344431897945 7.6039918210394610 0.3219962162000257
6.6454054383983880 8.8082522049623098 0.2227851191747795 0.3273918816514635
0.4171880245368816 1.9852290414136173 7.6250495925778985 0.4012105438732056
2.9105502487258521 4.0827661976989047 5.8211004974517042 0.3078932634806079
4.4798120059816275 7.1492660298471025 4.3339335306863616 0.4789233114819395
7.8737754448072756 4.8765526291695913 1.2735374004333626 0.6719190265846778
6.4064455092013306 4.3379009369182411 9.3697927793206581 0.3333646622977086
0.7409894100772119 1.8897061067537462 9.5199438459425636 0.3176584799504286
3.3487960448011718 6.0414441358684048 3.4257026886806847 0.3478691657094677
4.7056489761040075 5.1155125583666496 1.8683431501205481 0.3170131436533556
0.2914517654957732 2.5003814813684500 0.1944029053621021 0.5337661031401700
2.4524674214911344 7.3171178319650867 7.5692007202368234 0.3548689334292192
6.1861018707846309 3.3069856868190555 1.5631580553605762 0.5266937119496611
2.9187902462843711 3.7540818506424145 4.6330149235511335 0.4391578951784134
1.3318277535325174 5.2568132572405171 4.0586565752128667 0.5235933345014963
9.3011261329996646 8.1585131382183302 1.9016083254493852 0.3176213655007536
6.0109256263924067 6.4506973479415262 6.5434736167485585 0.3824207644836038
8.3114108706930754 4.9620044557023837 2.3688467055269022 0.3285615895164332
0.3689687795648061 6.6454054383983880 9.1598254341257963 0.4147713892415189
0.6872768333994568 7.7730643635364851 7.7507858516190069 0.5203944288633686
5.5494857631153298 3.8566240424817648 3.5261085848567157 0.3751167520262759
2.9493087557603688 4.1016876735740224 4.3043305764946442 0.3330990127403198
6.0759300515762815 7.2090823084200570 4.1825617236854153 0.3974848638423255
0.4074221015045625 6.3371684926908163 9.9008148442030084 0.3420144777817843
3.4846034119693590 6.0380870998260452 1.2851344340342419 0.4790978094293726
1.4197210608233892 8.9754936368907750 2.3422956022827846 0.3864306322767105
1.2079226050599687 5.2430799279763178 4.5521408734397415 0.5148975941715865
2.9010895107882932 2.0935697500534074 8.9364299447614979 0.3260998567355959
0.7068086794640950 6.8871120334482860 8.4575945310831031 0.3276741497546838
7.0790734580523083 1.0779137546922208 7.3122348704489273 0.4758251562288763
8.8534195989867861 8.0486465041047399 8.6797692800683617 0.3378374748572792
9.5028534806360057 2.6004821924497206 7.4938200018311107 0.3180407539036024
6.5636158330027161 4.9238563188573874 9.7930845057527396 0.3155472163891380
8.3019501327555165 6.8453016754661702 5.2186651203955208 0.3774556532223262
8.6809900204474015 3.1785027619251078 4.2158268990142522 0.3363057726287463
4.6916104617450483 5.9840693380535290 6.5092928861354418 0.3742999968244624
5.1084933011871705 4.5487838373973819 2.4048585467085788 0.3496887627083388
4.7337260048219241 8.9046906949064599 3.4922330393383589 0.5748136597002675
3.1922360911893062 9.6920682393871882 4.2997528000732448 0.4133296699042008
2.3410748619037447 2.1854304635761590 1.4700766014587849 0.3456221209939119
1.3531907101657157 7.2899563585314500 2.0197149571214941 0.3298540674583666
3.5389263588366342 7.3241370891445658 7.2402111880855733 0.4998414780836258
3.9710684530167546 9.4000061037018963 3.8080996124149298 0.3813352729074814
1.9696646015808588 4.2127750480666526 8.6654255806146434 0.3277812080933517
7.5160985137485881 3.0552079836420787 9.2278817102572717 0.3232204418894086
5.6523331400494401 0.8642841883602405 5.4942472609637747 0.3815527907521294
7.9329813531907103 8.1185338908047733 5.6065553758354447 0.3292325464153471
4.9897762993255403 9.3908505508590956 1.4325388348033083 0.3114124776490405
9.2727439191869863 1.3809625537888728 5.7319864497817932 0.4765921834637485
2.0270393993957336 8.2271797845393237 7.4626911221655936 0.4006709454364797
3.5752433851130712 6.9170201727347633 6.7979979857783750 0.3132927630659917
0.9582811975463118 0.6100650044251839 6.4128543961912898 0.3181697203793863
2.0044557023834955 2.6825769829401529 0.5987731559190649 0.4273248206273436
9.8864711447492901 9.3047883541367842 8.7792596209601133 0.5301565576644288
7.2283089693899347 3.3692434461500902 4.9748222296823021 0.3553961281417599
3.8276314584795679 7.5786614581743823 9.7955259865108193 0.4625811527817481
7.0522171697134315 9.5043794061098055 6.5080721457564019 0.3390507447231378
8.9730521561326952 6.4314706869716485 7.7535325174718466 0.3316549200111931
9.3032624286629844 2.8025147251808220 4.4672994170964690 0.3331071739526438
8.1936094241157260 8.0697042756431774 3.5724967192602315 0.3534713205781607
7.9613635670033878 7.7690969573046056 6.0029908139286476 0.4815856392759317
7.7996154667806028 5.6331064790795615 1.6208380382702110 0.3877327628000783
0.5432294686727500 9.5486312448500001 2.5931577501754814 0.3571745593225911
5.5470442823572501 9.1732535782952365 1.7856379894405958 0.3347307098925739
6.7357402264473398 8.0291146580401023 7.7394940031128883 0.3081468608331355
9.8974578081606488 7.8771324808496352 2.7927488021485032 0.3774085702967511
8.2753990295113979 8.1920834986419262 5.9099093600268562 0.3247321060101715
0.5230872524185919 8.5460982085634942 6.7778557695242174 0.3672911129178588
0.0854518265327921 6.7152928250984223 2.7368999298074281 0.3354242915922730
0.0677510910367138 0.3213599047822505 5.1060518204290908 0.3765317567161000
2.6563310647907956 4.8225348673970760 6.4619891964476448 0.3440521076920291
7.1520126956999421 5.6614886928922390 5.4426709799493391 0.4281680930292801
5.6788842432935569 7.3876155888546400 0.6289864803003021 0.3235648344250899
0.6320383312479018 7.5667592394787437 0.0732444227423933 0.3810064316201929
2.9267250587481310 8.2833338419751570 8.0327768791772218 0.5371444962428940
5.1078829309976506 3.0579546494949188 5.4744102298043762 0.3237721760482747
8.3901486251411477 1.9846186712240974 5.9114352855006560 0.4164126639938369
7.6805932798242136 2.9032258064516130 3.1333353679006315 0.3062751748359436
3.6576433606982635 1.4206366161076691 2.3938718832972197 0.3126567358189027
5.9596545304727320 7.5923947874385807 1.6183965575121313 0.3858925996793597
6.5504928739280377 2.0746482741782888 4.1935483870967740 0.4429581140685730
7.3226111636707660 9.5648060548722800 9.9005096591082484 0.4492851063687887
1.0031434064760276 2.3361919003875848 5.5549790948210092 0.3250016032016618
9.4210638752403337 1.6861476485488449 1.9205298013245033 0.4308526176608189
8.1991027558214054 0.1034577471236305 8.4484389782403024 0.3555813880520157
1.9382305368205817 1.9748527481917781 2.4143192846461377 0.4323361554125994
8.9498580889309363 5.6346324045533613 4.0144047364726712 0.3592703117825550
9.5995971556749176 4.5780816064943384 3.9777825251014742 0.4214449535463578
7.3311563463240459 0.6472975859859005 5.2613910336619165 0.3842746064119970
6.4265877254554891 6.9994201483199561 5.3913998840296635 0.6298321753199487
5.5647450178533280 3.6741233558153019 1.0086367381817072 0.4681772871775975
1.2475966673787653 3.5734122745445114 1.1874752037110508 0.3825413509670769
0.1498458815271462 1.6602069154942471 1.0824915311136205 0.4602524921820629
4.4553971984008296 5.1948606830042419 2.4729148228400524 0.3847019665753953
9.2483291116061892 7.8176213873714406 2.7619251075777456 0.6357303273878074
6.0130619220557264 5.2931302835169536 8.9977721488082523 0.3321778786172645
1.3144322031311992 5.7252723776970740 8.4740745262001411 0.3406825268507624
4.7132786034730065 2.0596942045350506 2.4765770439771724 0.3422006197907492
4.9821466719565413 9.6816919461653494 4.7376934110538045 0.3262273922029973
8.6867885372478408 6.9252601702932823 1.1578722495193334 0.3833968992197949
0.1922666096987823 1.3049714651936402 2.3615222632526627 0.5296600040738897
7.1578112125003814 9.2843409527878666 5.6456190679647209 0.5096482452040525
0.5804620502334666 2.3865474410229801 7.8868984038819541 0.3212161559549949
3.4546952726828821 7.4736777855769523 5.9678945280312510 0.4725078845535121
7.1068453016754667 3.9906002990813927 6.2843714712973417 0.3888099337825813
9.2663350321970270 5.9990234076967681 9.8989837336344486 0.3399135873846434
2.9395428327280499 1.8066957609790337 4.8991363261818295 0.4808391806978665
0.1480147709585864 9.0096743675038908 2.5278481398968471 0.5589750517845469
9.5889156773583171 7.7520065919980468 8.6452833643604841 0.4252453368710234
2.2843104342783898 0.0265511032441176 7.0812097537156280 0.3372351664163452
4.2875453962828463 7.8206732383190403 6.4519180883205660 0.3391252365383664
0.4919583727530747 7.9195532090212719 6.9899594103823972 0.3240531150818265
8.6260567033906064 6.1879329813531907 8.9593188268684951 0.4255709893120911
7.4794763023773916 9.1317484054078797 9.2132328257087934 0.4487058833601099
8.4340952787865842 5.5601672414319285 7.4617755668813137 0.4913651678042152
4.3556016724143189 6.1574144718771944 8.8061159092989900 0.3241774768793766
4.9134800256355486 3.7763603625598923 4.1056550798059019 0.3042235298952843
2.3865474410229801 2.2687459944456312 4.7410504470961641 0.5020960758907479
7.0216986602374343 6.6612750633259079 3.3326212347788937 0.3790158595161630
6.0036011841181676 2.4924466689046905 6.9789727469710385 0.4062919512614264
5.1033051545762511 7.1242408520767846 4.5765556810205386 0.5545797076725003
7.0613727225562304 0.8349864192632832 4.7871333964049194 0.4861825197389479
5.7744071779534289 0.5136265144810327 6.2077700125125892 0.3413594040078372
0.3445539719840083 3.7614062929166541 6.3124485000152593 0.3324163125296664
8.0541398358104193 6.2172307504501481 0.7278664510025330 0.3646337885588908
0.3277687917722099 9.9191259498886080 9.3997009186071363 0.5241675384071400
0.7483138523514511 5.5119479964598526 1.2170781579027681 0.4819248497427714
9.1821039460432754 6.1165196691793575 3.6613055818353830 0.4243495307218703
1.0818811609241006 5.6694235053559980 9.0282906582842486 0.3373724583228635
6.0313730277413242 9.5498519852290400 3.8013855403302106 0.3084132898857743
4.5820490127262188 0.3033539841914121 2.7307962279122289 0.3230072924175025
7.4633014923551135 6.2773522141178626 4.1810357982116155 0.3443871384428919
6.2102114932706689 5.9746086001159702 8.3095797601245156 0.3849127232411850
9.2849513229773866 5.9483626819666124 4.6424756614886933 0.3107328051885582
2.7454451124607075 5.0398266548661761 0.6060975981933042 0.3039967401672495
9.5309305093539223 2.7787102877895444 7.5774407177953425 0.3326391992279740
6.4183477278969692 4.7553941465498824 6.0173345133823659 0.4467216580353932
2.7219458601641895 2.7774895474105046 6.2480544450209052 0.3350475407460484
9.7915585802789398 2.6267281105990783 6.4384899441511276 0.3209624995853396
5.3718680379650259 7.2234260078737753 4.3574327829828787 0.3054917534761468
1.8936735129856257 8.0126346629230625 4.4599749748222290 0.4022030710685248
2.7457502975554675 2.3908200323496200 6.8691061128574482 0.3634925680749300
5.6035035248878442 9.9740592669454013 9.8123111667226173 0.4447591014995413
6.8678853724784084 5.5287331766716523 2.0786156804101688 0.3917784868837872
6.2804040650654622 1.3766899624622333 7.0601519821771905 0.3071256520430636
5.7786797692800684 7.0836512344737077 4.9327066866054263 0.4354609807824508
7.9479354228339485 4.0443128757591476 9.1796624652851957 0.5090904422537530
1.5585802789391767 2.9297769096957307 1.3568529313028352 0.4904220752439144
5.8439893795587032 4.5124668111209445 0.3424176763206885 0.3797436580492264
4.2967009491256452 7.2252571184423351 9.1055024872585228 0.3653514253920668
7.4327829828791163 1.3217566454054384 6.4775536362804047 0.3719741657532460
2.4503311258278146 1.1493270668660542 6.5910824915311137 0.4137756245059520
0.6436353648487808 4.1587572862941373 8.0956450086977743 0.4978506116649271
2.8830835901974550 5.7133701590014336 5.9782708212530897 0.3619037859906382
8.4722434156315813 3.7653736991485336 3.7897885067293311 0.4627178188912861
7.6992095706045713 2.4552140873439741 9.0960417493209640 0.4091402410541642
3.3909115878780485 8.6983855708487194 9.9621570482497628 0.4691205899582309
1.7822809533982362 0.8255256813257240 5.2882473220007933 0.4711771834747340
8.0169072542497020 3.3347575304422135 6.8001342814416947 0.3033681146884469
6.5852839747306744 6.8190557573168133 5.5171361430707719 0.6164441907993591
2.0224616229743337 7.1321756645405445 0.5029450361644338 0.3455937485931494
0.1672414319284646 2.8565324869533368 2.7140110477004304 0.3477091406438000
5.3028962065492724 5.1341288491470074 1.7587817011017182 0.4717503367651655
3.4861293374431588 8.9202551347392181 8.3803827021088289 0.6057689099424871
7.3863948484756001 9.7299111911374254 0.4705954161198767 0.3290497210678456
2.9337443159276102 4.9330118717001863 5.4390087588122196 0.4886518432810209
3.1015961180455949 3.6613055818353830 6.7329935605945002 0.3422870182603958
9.1277809991760002 4.3946653645435960 7.3381756035035250 0.3753269906298343
